S_ori:0.725
S_sem:0.8
S_con:0.65
S_ori_sem:0.65
S_ori_sem_con:0.525
S_overall:0.725
W_ori:0.59375
W_sem:0.53125
W_con:0.59375
W_ori_sem:0.4375
W_ori_sem_con:0.28125
W_overall:0.5729166666666666
