S_ori:0.625
S_sem:0.725
S_con:0.7
S_ori_sem:0.525
S_ori_sem_con:0.45
S_overall:0.6833333333333332
W_ori:0.5
W_sem:0.46875
W_con:0.46875
W_ori_sem:0.40625
W_ori_sem_con:0.21875
W_overall:0.4791666666666667
