S_ori:0.65
S_sem:0.75
S_con:0.675
S_ori_sem:0.6
S_ori_sem_con:0.525
S_overall:0.6916666666666668
W_ori:0.5
W_sem:0.40625
W_con:0.4375
W_ori_sem:0.375
W_ori_sem_con:0.15625
W_overall:0.4479166666666667
